Date,Open,High,Low,Close,Adj Close,Volume
2017-01-03,60.68,61.09,59.75,60.59,59.20018,18322400
2017-01-04,60.689999,61.630001,60.610001,61.41,60.00137700000001,16947500
2017-01-05,60.970001,61.43,59.91,60.34,58.95591700000001,18317900
2017-01-06,60.68,60.84,60.080002,60.549999,59.161102,16778400
2017-01-09,60.150002,60.639999,59.669998,60.220001,58.838669,14590300
2017-01-10,60.200001,60.849998,59.950001,60.23,58.848446,13483300
2017-01-11,59.66,60.0,59.25,59.959999,58.58462900000001,20737600
2017-01-12,59.529999,59.82,58.759998,59.23,57.87138,22778900
2017-01-13,59.450001,60.32,59.380001,59.630001,58.262207,21045200
2017-01-17,59.009998,59.32,58.029999,58.380001,57.040874,25114400
2017-01-18,57.990002,58.279999,57.099998,57.389999,56.073582,29276200
2017-01-19,57.529999,57.599998,56.389999,56.66,55.36032900000001,24932400
2017-01-20,56.950001,57.119999,56.029999,56.110001,54.822945,27722300
2017-01-23,56.119999,56.290001,55.419998,55.68,54.402809,23130200
2017-01-24,55.959999,57.150002,55.68,56.740002,55.438499,18416400
2017-01-25,57.900002,57.919998,57.099998,57.689999,56.366703,21492900
2017-01-26,57.599998,57.98,57.049999,57.360001,56.044273,20792700
2017-01-27,57.389999,57.41,56.720001,57.110001,55.800011,17074200
2017-01-30,56.509998,56.68,55.759998,56.610001,55.311478,17537600
2017-01-31,56.330002,56.959999,55.580002,55.830002,54.549374,29221000
2017-02-01,56.720001,56.98,55.880001,56.049999,54.76431700000001,17441500
2017-02-02,55.490002,56.209999,55.23,55.98,54.852509,15586800
2017-02-03,57.040001,57.880001,56.59,57.759998,56.59665699999999,21404100
2017-02-06,57.509998,58.349998,57.34,57.639999,56.479076,15680200
2017-02-07,58.0,58.07,57.009998,57.189999,56.038136,13996900
2017-02-08,56.919998,56.919998,56.139999,56.32,55.185665,18626600
2017-02-09,56.32,57.540001,56.32,57.259998,56.106724,18054100
2017-02-10,57.82,57.950001,57.130001,57.630001,56.469273,14421700
2017-02-13,57.990002,59.369999,57.990002,58.950001,57.762691,22779800
2017-02-14,59.0,60.110001,58.75,59.830002,58.62496899999999,22336600
2017-02-15,60.16,60.869999,59.700001,60.5,59.281471,22423900
2017-02-16,60.349998,60.5,59.759998,60.380001,59.16389100000001,15916600
2017-02-17,59.700001,60.169998,59.400002,60.169998,58.958118000000006,15120600
2017-02-21,60.290001,60.689999,60.23,60.549999,59.330463,15812700
2017-02-22,60.18,60.950001,60.02,60.619999,59.39905200000001,16025700
2017-02-23,60.639999,60.84,60.23,60.619999,59.39905200000001,14624400
2017-02-24,59.880001,60.18,59.110001,59.560001,58.36040500000001,19900300
2017-02-27,59.560001,60.240002,59.41,60.02,58.811138,15711400
2017-02-28,59.669998,60.09,59.48,59.810001,58.60536999999999,17237500
2017-03-01,61.200001,61.939999,61.0,61.540001,60.300526,26421700
2017-03-02,61.68,61.869999,60.59,60.630001,59.408855,17270300
2017-03-03,60.389999,61.25,60.330002,61.0,59.771404,15178600
2017-03-06,60.799999,60.880001,60.259998,60.279999,59.065899,14979400
2017-03-07,60.189999,60.709999,59.779999,60.5,59.281471,17297800
2017-03-08,61.560001,62.529999,61.060001,61.110001,59.879185,30724000
2017-03-09,61.360001,62.09,61.23,61.549999,60.310326,21429300
2017-03-10,61.939999,62.029999,60.919998,61.490002,60.251534,17421900
2017-03-13,61.540001,61.790001,60.98,61.529999,60.290722,13481500
2017-03-14,61.330002,61.470001,60.810001,61.439999,60.202538,11819700
2017-03-15,61.700001,61.779999,60.459999,60.84,59.61462,20086900
2017-03-16,61.049999,61.41,60.77,61.150002,59.918385,15198300
2017-03-17,61.16,61.27,60.200001,60.369999,59.154091,32281900
2017-03-20,60.099998,60.380001,59.59,59.59,58.389801,14813800
2017-03-21,60.130001,60.200001,57.950001,58.040001,56.871017,34140400
2017-03-22,57.41,58.389999,56.900002,57.77,56.60645699999999,25648500
2017-03-23,57.759998,58.82,57.529999,58.049999,56.880814,16916500
2017-03-24,58.330002,58.540001,57.610001,58.07,56.900417,13504400
2017-03-27,56.849998,58.450001,56.549999,58.330002,57.155174,17257200
2017-03-28,58.189999,59.66,58.119999,59.419998,58.223221,15391100
2017-03-29,59.529999,59.880001,59.27,59.389999,58.193829,13457400
2017-03-30,59.389999,60.830002,59.360001,60.509998,59.29126700000001,14886200
2017-03-31,60.310001,60.509998,59.790001,59.82,58.61516999999999,14407900
2017-04-03,59.93,60.09,58.650002,59.68,58.477989,15460500
2017-04-04,59.290001,59.950001,59.200001,59.68,58.477989,9745600
2017-04-05,60.5,61.02,59.529999,59.59,58.389801,20295200
2017-04-06,59.439999,60.23,59.009998,59.889999,58.683762,13806000
2017-04-07,59.330002,59.889999,59.259998,59.43,58.233025,13449300
2017-04-10,59.360001,59.98,58.98,59.279999,58.086044,12096700
2017-04-11,58.68,59.049999,58.080002,59.029999,57.84108000000001,15247800
2017-04-12,59.09,59.130001,58.27,58.509998,57.331551,15223400
2017-04-13,58.299999,59.73,57.68,58.040001,56.871017,31784400
2017-04-17,58.360001,59.060001,57.93,58.990002,57.801888,14657300
2017-04-18,58.580002,58.889999,58.07,58.419998,57.243366,16891000
2017-04-19,58.849998,59.099998,57.599998,57.73,56.567265,18104200
2017-04-20,58.169998,58.650002,57.549999,58.41,57.233566,17074800
2017-04-21,58.380001,58.439999,57.630001,57.720001,56.55746800000001,15255900
2017-04-24,59.18,59.709999,59.07,59.439999,58.242817,24400300
2017-04-25,60.080002,60.790001,60.0,60.209999,58.997314,21593500
2017-04-26,60.040001,60.700001,59.959999,60.099998,58.889526,16058000
2017-04-27,59.98,59.990002,58.93,59.389999,58.349167,14025900
2017-04-28,59.360001,59.57,59.049999,59.119999,58.0839,11896700
2017-05-01,59.389999,60.060001,59.16,59.459999,58.417938,12879400
2017-05-02,59.450001,59.720001,58.93,59.709999,58.663559,11471900
2017-05-03,59.5,60.330002,59.299999,60.240002,59.18426899999999,12845300
2017-05-04,60.700001,60.939999,60.09,60.209999,59.1548,14509800
2017-05-05,60.490002,60.580002,60.099998,60.240002,59.18426899999999,11484300
2017-05-08,60.150002,60.73,60.119999,60.5,59.439713,8458300
2017-05-09,60.650002,61.040001,60.07,60.23,59.17445,13179900
2017-05-10,60.099998,60.639999,60.0,60.369999,59.31199300000001,11607300
2017-05-11,60.25,60.919998,59.919998,60.700001,59.636211,16314000
2017-05-12,60.360001,61.099998,60.209999,61.07,59.999725,15393200
2017-05-15,61.220001,61.700001,61.09,61.419998,60.343594,14838500
2017-05-16,61.490002,62.580002,61.380001,62.490002,61.394836,21199500
2017-05-17,62.490002,62.490002,59.669998,59.98,58.928829,33251400
2017-05-18,59.73,60.599998,59.099998,60.080002,59.027077,25142200
2017-05-19,60.41,61.77,60.240002,61.099998,60.029198,20266600
2017-05-22,61.41,61.549999,60.720001,61.060001,59.989902,11744800
2017-05-23,61.09,61.950001,60.73,61.709999,60.62850600000001,12414300
2017-05-24,61.84,62.439999,61.66,62.27,61.178696,16102700
2017-05-25,62.25,62.689999,61.779999,61.950001,60.864304,13368600
2017-05-26,61.869999,62.330002,61.650002,62.07,60.982197,10850300
2017-05-30,61.790001,62.07,61.509998,61.639999,60.559734,12603800
2017-05-31,61.59,61.599998,59.869999,60.540001,59.479015,23150500
2017-06-01,60.889999,61.09,60.169998,61.080002,60.009548,13922400
2017-06-02,60.330002,61.599998,60.299999,61.110001,60.039024,13643600
2017-06-05,61.040001,61.77,60.959999,61.25,60.17656700000001,10024900
2017-06-06,60.68,61.169998,60.439999,61.009998,59.940777,10764300
2017-06-07,61.209999,62.23,61.099998,61.880001,60.795532,16056100
2017-06-08,61.880001,63.82,61.720001,63.209999,62.10221899999999,25839600
2017-06-09,63.84,64.739998,63.509998,64.449997,63.320492,31488800
2017-06-12,64.510002,65.400002,64.07,64.32,63.19276800000001,27444400
2017-06-13,64.879997,65.260002,64.33000200000001,64.690002,63.55629,18749000
2017-06-14,64.25,64.91999799999999,63.5,64.720001,63.585762,20791600
2017-06-15,64.309998,64.940002,63.939999,64.099998,62.976624,15111500
2017-06-16,64.160004,64.230003,63.709999,63.889999,62.77030600000001,19549900
2017-06-19,64.400002,64.889999,64.260002,64.480003,63.349964,13264800
2017-06-20,64.309998,64.41999799999999,63.91,63.91,62.789951,12162800
2017-06-21,63.889999,64.260002,63.610001,63.830002,62.711353,13532800
2017-06-22,63.619999,63.91,63.34,63.619999,62.505035,11344700
2017-06-23,64.050003,64.18,63.16,63.41,62.298714,16395300
2017-06-26,63.549999,64.120003,63.209999,63.779999,62.66223100000001,14978000
2017-06-27,64.239998,64.860001,64.010002,64.230003,63.104347,16416300
2017-06-28,65.0,65.360001,64.519997,65.18,64.037697,24015200
2017-06-29,67.650002,67.75,66.260002,66.980003,65.806152,40827200
2017-06-30,67.559998,67.589996,66.720001,66.879997,65.707901,15832300
2017-07-03,67.239998,68.910004,67.239998,68.260002,67.063728,16488300
2017-07-05,68.33000200000001,68.730003,67.949997,68.449997,67.250381,17783100
2017-07-06,68.449997,68.760002,67.57,67.629997,66.44475600000001,17960700
2017-07-07,68.029999,68.300003,67.440002,67.910004,66.71985600000001,14735300
2017-07-10,67.690002,68.040001,67.440002,67.650002,66.464409,12613800
2017-07-11,67.5,67.57,66.599998,66.82,65.648964,17134600
2017-07-12,66.760002,67.199997,66.540001,66.91999799999999,65.7472,16881700
2017-07-13,67.150002,67.290001,66.690002,67.019997,65.845444,20152000
2017-07-14,66.32,66.93,65.519997,66.720001,65.550697,20742300
2017-07-17,66.760002,67.099998,66.41999799999999,66.83000200000001,65.658775,17498000
2017-07-18,66.440002,67.099998,66.220001,66.889999,65.71772800000001,15965900
2017-07-19,67.150002,67.360001,66.5,66.699997,65.531059,12687300
2017-07-20,66.620003,67.040001,66.33000200000001,66.360001,65.19702099999999,14027600
2017-07-21,66.099998,66.440002,65.889999,66.0,64.84333000000001,14075500
2017-07-24,65.91999799999999,66.43,65.910004,66.099998,64.94156600000001,14848400
2017-07-25,67.93,68.41999799999999,67.809998,68.029999,66.837753,30833600
2017-07-26,68.470001,68.839996,67.790001,67.980003,66.788628,19228500
2017-07-27,68.0,68.720001,67.360001,67.599998,66.415283,22650200
2017-07-28,67.41999799999999,67.769997,67.0,67.43,66.24826800000001,13604500
2017-07-31,67.870003,68.650002,67.519997,68.449997,67.250381,23059300
2017-08-01,69.089996,69.620003,68.75,69.599998,68.38022600000001,22974700
2017-08-02,69.57,69.650002,68.82,69.41999799999999,68.203384,19095600
2017-08-03,68.93,69.199997,68.010002,68.129997,67.245972,20937900
2017-08-04,68.790001,69.410004,68.709999,68.980003,68.084946,18148400
2017-08-07,69.129997,69.260002,68.690002,69.040001,68.144173,12961100
2017-08-08,69.0,69.860001,68.82,68.879997,67.986244,16645900
2017-08-09,68.120003,68.480003,67.91999799999999,68.43,67.542084,19195700
2017-08-10,68.0,68.129997,67.150002,67.220001,66.347786,19147200
2017-08-11,67.07,67.470001,66.589996,66.800003,65.933235,15172800
2017-08-14,67.610001,68.129997,67.410004,67.889999,67.00909399999999,15094500
2017-08-15,68.58000200000001,68.959999,67.879997,67.970001,67.08805799999999,15472000
2017-08-16,68.150002,68.370003,67.389999,67.709999,66.831429,15064500
2017-08-17,67.309998,67.650002,66.510002,66.599998,65.735825,14487900
2017-08-18,66.389999,67.360001,66.18,66.58000200000001,65.716087,13628900
2017-08-21,66.58000200000001,66.779999,65.860001,65.949997,65.094261,15791100
2017-08-22,66.290001,66.93,66.25,66.849998,65.982582,13247000
2017-08-23,66.209999,67.57,66.209999,67.230003,66.357658,10031600
2017-08-24,67.449997,67.910004,66.949997,67.690002,66.811684,11524800
2017-08-25,67.800003,68.239998,67.709999,67.849998,66.969612,11883100
2017-08-28,68.08000200000001,68.18,67.43,67.809998,66.930122,10797600
2017-08-29,66.699997,67.769997,66.510002,67.480003,66.604416,12448000
2017-08-30,67.699997,68.389999,67.690002,68.010002,67.12754100000001,9152000
2017-08-31,68.150002,68.290001,67.75,68.029999,67.147278,12439300
2017-09-01,68.110001,69.029999,67.980003,68.58000200000001,67.69014,10720600
2017-09-05,67.769997,67.940002,66.760002,67.160004,66.288574,17649500
2017-09-06,67.459999,67.599998,66.849998,67.32,66.446487,11849400
2017-09-07,67.389999,67.440002,65.690002,66.059998,65.202835,20307800
2017-09-08,65.970001,66.91999799999999,65.870003,66.16999799999999,65.311401,13438000
2017-09-11,66.760002,67.790001,66.370003,67.709999,66.831429,17287000
2017-09-12,68.220001,69.25,68.099998,68.790001,67.897408,15495400
2017-09-13,68.690002,69.529999,68.459999,69.389999,68.48962399999999,17467300
2017-09-14,69.349998,69.75,69.209999,69.239998,68.341576,15022100
2017-09-15,69.120003,69.379997,68.910004,69.040001,68.144173,18360900
2017-09-18,69.379997,70.93,69.269997,70.599998,69.683922,18027800
2017-09-19,70.300003,71.699997,70.300003,71.150002,70.226784,15466000
2017-09-20,71.379997,72.199997,70.82,71.459999,70.532768,19788100
2017-09-21,71.449997,72.129997,71.150002,71.760002,70.82888,11509200
2017-09-22,71.599998,71.639999,71.010002,71.400002,70.473549,10446600
2017-09-25,71.209999,71.510002,70.32,70.839996,69.920815,10762800
2017-09-26,70.849998,71.239998,70.510002,70.940002,70.01951600000001,11553800
2017-09-27,72.190002,72.970001,71.910004,72.279999,71.34213299999998,18092200
2017-09-28,72.610001,72.860001,72.019997,72.650002,71.707329,13845900
2017-09-29,72.550003,72.900002,72.360001,72.739998,71.79615799999998,12777300
2017-10-02,73.07,73.889999,72.910004,73.800003,72.842407,13386300
2017-10-03,73.980003,74.379997,73.849998,74.129997,73.168121,11925100
2017-10-04,74.18,74.739998,73.93,74.059998,73.09903,12904100
2017-10-05,74.07,75.93,73.849998,75.720001,74.737495,19701200
2017-10-06,75.809998,76.019997,75.099998,75.639999,74.65853100000002,16119900
2017-10-09,75.83000200000002,75.879997,75.089996,75.389999,74.411774,12830800
2017-10-10,75.400002,75.540001,74.629997,75.18,74.204498,13866600
2017-10-11,74.970001,75.33000200000002,74.660004,74.940002,73.967621,18597900
2017-10-12,75.82,76.139999,72.269997,72.370003,71.430954,40166300
2017-10-13,72.099998,72.339996,70.910004,72.110001,71.17433199999998,30907300
2017-10-16,71.379997,72.58000200000002,71.370003,71.769997,70.83874499999997,21169200
2017-10-17,72.239998,72.720001,72.0,72.190002,71.25329599999998,15743800
2017-10-18,72.660004,73.33000200000002,72.550003,73.120003,72.171227,15126700
2017-10-19,72.349998,72.940002,71.709999,72.879997,71.934341,12322700
2017-10-20,73.760002,73.879997,73.18,73.529999,72.575905,15634600
2017-10-23,73.480003,74.010002,73.43,73.529999,72.575905,10821500
2017-10-24,73.959999,74.75,73.730003,74.239998,73.27669499999998,15260200
2017-10-25,74.480003,74.629997,73.260002,73.620003,72.664749,17188100
2017-10-26,73.660004,74.25,73.599998,73.790001,72.832542,13213100
2017-10-27,73.43,73.980003,73.010002,73.870003,72.91149899999998,11309900
2017-10-30,73.209999,73.910004,73.18,73.779999,72.822662,10556900
2017-10-31,73.870003,74.089996,73.260002,73.5,72.54630300000002,11733500
2017-11-01,73.989998,74.519997,73.809998,74.029999,73.069412,11361900
2017-11-02,73.949997,74.849998,73.33000200000002,74.739998,73.77020300000002,12997500
2017-11-03,74.220001,74.389999,73.839996,74.050003,73.403442,10692600
2017-11-06,73.589996,74.029999,73.16999799999998,73.800003,73.155624,12636600
2017-11-07,73.779999,74.0,72.32,72.709999,72.07513399999998,17255700
2017-11-08,72.389999,72.57,71.519997,72.339996,71.708366,18710600
2017-11-09,71.720001,72.760002,71.449997,72.43,71.797585,15496600
2017-11-10,72.529999,72.860001,72.110001,72.25,71.619156,12853100
2017-11-13,71.66999799999998,72.150002,71.480003,71.989998,71.361427,13500600
2017-11-14,71.650002,71.809998,71.040001,71.529999,70.905441,13188900
2017-11-15,70.620003,72.07,70.019997,71.730003,71.103699,17541800
2017-11-16,72.110001,72.32,71.510002,71.66999799999998,71.044212,12415600
2017-11-17,71.160004,71.83000200000002,70.940002,71.33000200000002,70.70719100000002,11813000
2017-11-20,71.769997,72.300003,71.279999,72.050003,71.420906,10000000
2017-11-21,72.5,72.589996,72.129997,72.379997,71.748016,9632100
2017-11-22,72.449997,73.150002,72.260002,72.260002,71.62906600000002,9146200
2017-11-24,72.410004,72.519997,71.989998,72.019997,71.391159,4676100
2017-11-27,71.989998,72.360001,71.309998,71.389999,70.766663,12615200
2017-11-28,71.440002,74.0,71.129997,73.699997,73.056488,18048300
2017-11-29,75.129997,75.769997,74.050003,75.040001,74.384796,21876400
2017-11-30,75.730003,76.889999,75.150002,75.5,74.84078199999998,23179600
2017-12-01,75.709999,76.239998,73.779999,75.510002,74.850693,18269800
2017-12-04,77.019997,77.91999799999998,76.620003,77.099998,76.426804,23151400
2017-12-05,76.980003,77.279999,76.190002,76.540001,75.871696,16045900
2017-12-06,76.239998,76.5,75.089996,75.440002,74.78130300000002,16612500
2017-12-07,74.66999799999998,75.32,74.260002,74.980003,74.325325,19173400
2017-12-08,75.059998,75.720001,74.970001,75.709999,75.04894300000002,12460900
2017-12-11,75.940002,76.129997,75.529999,75.849998,75.187721,10461700
2017-12-12,76.040001,76.800003,75.519997,76.150002,75.485107,18381900
2017-12-13,75.949997,76.32,75.050003,75.139999,74.483917,20231600
2017-12-14,75.230003,75.43,73.779999,73.91999799999998,73.274567,24778500
2017-12-15,74.449997,75.150002,74.269997,74.769997,74.117149,37121100
2017-12-18,75.279999,76.010002,75.269997,75.66999799999998,75.009293,16449300
2017-12-19,76.099998,76.150002,74.650002,74.699997,74.04776,17655100
2017-12-20,75.349998,75.769997,74.610001,74.660004,74.00811800000002,17644000
2017-12-21,74.980003,76.08000200000002,74.940002,75.82,75.15798199999998,14085700
2017-12-22,75.889999,75.989998,75.050003,75.489998,74.830864,12006600
2017-12-26,75.449997,75.720001,74.41999799999998,74.779999,74.12706,10882100
2017-12-27,74.66999799999998,75.08000200000002,74.519997,74.889999,74.23610699999998,10845100
2017-12-28,74.910004,75.16999799999998,74.839996,75.08000200000002,74.424446,8759800
2017-12-29,75.16999799999998,75.290001,74.379997,74.410004,73.7603,10074900
2018-01-02,75.089996,75.18,74.019997,74.360001,73.710732,15819800
2018-01-03,74.349998,74.739998,73.970001,74.589996,73.938721,14657900
2018-01-04,75.010002,76.110001,74.660004,75.510002,74.850693,16864900
2018-01-05,75.709999,75.769997,74.959999,75.410004,74.751572,15300500
2018-01-08,75.16999799999998,75.239998,74.33000200000002,74.529999,73.87925,14215700
2018-01-09,74.760002,75.889999,74.610001,75.309998,74.652435,14209500
2018-01-10,75.699997,76.279999,75.370003,75.650002,74.989471,14008000
2018-01-11,75.980003,76.019997,75.139999,75.559998,74.900253,15459900
2018-01-12,75.900002,76.959999,75.779999,76.839996,76.169075,16946700
2018-01-16,77.760002,78.440002,76.790001,77.110001,76.436722,26181400
2018-01-17,76.889999,77.660004,76.099998,77.470001,76.79357900000002,20848300
2018-01-18,77.660004,77.699997,77.08000200000002,77.389999,76.714272,15420800
2018-01-19,77.57,78.379997,77.43,78.300003,77.616333,17814000
2018-01-22,78.239998,78.900002,78.050003,78.589996,77.90379300000002,11561100
2018-01-23,78.459999,78.889999,77.959999,78.550003,77.864151,10080000
2018-01-24,78.959999,79.709999,78.660004,79.449997,78.756287,18108600
2018-01-25,79.849998,80.389999,79.209999,79.440002,78.74638399999998,16178800
2018-01-26,79.610001,80.08000200000002,78.959999,80.08000200000002,79.380791,12807800
2018-01-29,80.120003,80.699997,79.83000200000002,79.959999,79.261841,14611100
2018-01-30,79.199997,79.599998,78.610001,78.620003,77.93354000000002,15816900
2018-01-31,78.779999,79.389999,78.190002,78.480003,77.794762,16266300
2018-02-01,78.269997,79.230003,78.139999,79.199997,78.50846899999998,12437200
2018-02-02,78.650002,79.059998,76.879997,77.019997,76.657234,18561200
2018-02-05,75.519997,77.220001,72.199997,73.269997,72.92489599999998,31087800
2018-02-06,71.519997,75.190002,71.150002,74.82,74.467598,32116700
2018-02-07,74.769997,76.08000200000002,74.32,74.989998,74.63679499999998,18908400
2018-02-08,75.07,75.25,71.800003,71.870003,71.531494,24941100
2018-02-09,73.019997,74.279999,71.0,73.68,73.33296999999997,26616500
2018-02-12,74.470001,75.5,73.970001,74.760002,74.407883,16677700
2018-02-13,74.339996,75.379997,74.150002,75.18,74.825905,11749100
2018-02-14,75.029999,76.860001,74.730003,76.709999,76.348694,16261300
2018-02-15,77.18,77.459999,76.400002,77.08000200000002,76.716957,11066400
2018-02-16,76.800003,77.370003,76.610001,76.82,76.458176,11644900
2018-02-20,76.639999,77.230003,76.089996,76.459999,76.099869,12040900
2018-02-21,76.400002,78.41999799999998,76.400002,77.0,76.63732900000002,15888800
2018-02-22,77.279999,77.480003,75.940002,76.269997,75.910767,16049500
2018-02-23,76.480003,77.110001,76.199997,77.08000200000002,76.716957,12481200
2018-02-26,77.230003,77.739998,76.720001,77.650002,77.28427099999998,17288300
2018-02-27,77.519997,77.879997,76.349998,76.379997,76.020248,19977200
2018-02-28,76.599998,77.129997,75.449997,75.489998,75.134438,19329900
2018-03-01,75.5,75.940002,73.199997,73.660004,73.31306500000002,23803200
2018-03-02,73.16999799999998,73.870003,71.879997,73.68,73.33296999999997,21061200
2018-03-05,73.07,74.940002,72.699997,74.41999799999998,74.06948100000002,16814600
2018-03-06,74.93,74.989998,73.75,74.059998,73.711174,14891200
2018-03-07,73.18,74.08000200000002,72.860001,73.91999799999998,73.571831,14654900
2018-03-08,74.139999,74.230003,73.129997,74.110001,73.760941,10878600
2018-03-09,74.949997,76.370003,74.599998,76.110001,75.751518,15939200
2018-03-12,75.949997,76.529999,75.91999799999998,76.019997,75.66194200000002,13398200
2018-03-13,76.139999,76.410004,74.660004,74.910004,74.557175,12636600
2018-03-14,75.279999,75.290001,73.32,73.470001,73.12395500000002,18485700
2018-03-15,73.779999,73.870003,73.010002,73.339996,72.99455999999998,13334000
2018-03-16,73.16999799999998,74.139999,73.150002,73.470001,73.12395500000002,33033700
2018-03-19,73.470001,73.5,71.91999799999998,72.699997,72.357582,15131400
2018-03-20,73.050003,73.529999,72.709999,72.91999799999998,72.576546,13113500
2018-03-21,73.18,74.269997,72.690002,73.32,72.974663,16374700
2018-03-22,72.33000200000002,72.480003,69.870003,70.309998,69.978836,27652300
2018-03-23,70.32,70.470001,67.75,67.900002,67.58019300000001,31458900
2018-03-26,69.110001,70.010002,68.290001,69.779999,69.451332,19156100
2018-03-27,70.239998,70.620003,67.610001,68.279999,67.95839699999999,21610800
2018-03-28,68.480003,69.040001,67.529999,68.260002,67.938499,21712000
2018-03-29,68.519997,69.66999799999999,67.5,67.5,67.182076,22621300
2018-04-02,68.33000200000001,69.040001,66.550003,67.709999,67.391083,29975600
2018-04-03,68.050003,68.660004,67.41999799999999,68.480003,68.157463,18822600
2018-04-04,67.160004,69.559998,67.050003,69.309998,68.98354300000001,15651300
2018-04-05,70.07,70.809998,69.900002,70.220001,69.889267,16120700
2018-04-06,69.519997,70.290001,67.93,68.599998,68.276894,21543500
2018-04-09,69.059998,70.940002,68.989998,69.440002,69.112938,17036500
2018-04-10,71.050003,71.239998,70.290001,70.510002,70.177902,16022300
2018-04-11,69.970001,70.599998,69.550003,69.889999,69.56081400000001,15645500
2018-04-12,70.470001,72.5,70.470001,72.129997,71.79026,24488100
2018-04-13,73.209999,73.379997,69.83000200000001,71.010002,70.675545,31356000
2018-04-16,71.089996,71.339996,69.760002,70.07,69.73996700000001,18877000
2018-04-17,70.650002,70.93,69.470001,69.739998,69.41152199999999,18233400
2018-04-18,69.809998,70.360001,68.849998,68.980003,68.655106,15382900
2018-04-19,69.099998,70.610001,69.099998,70.279999,69.948982,15531600
2018-04-20,70.400002,70.839996,69.75,70.0,69.670296,17629900
2018-04-23,70.0,70.269997,69.400002,69.480003,69.152748,11596400
2018-04-24,69.760002,70.620003,68.400002,69.120003,68.794449,16233700
2018-04-25,68.769997,69.769997,68.050003,69.360001,69.03331,16059700
2018-04-26,69.110001,69.589996,68.900002,69.18,68.854164,13829700
2018-04-27,69.0,69.440002,68.739998,68.989998,68.665054,10420100
2018-04-30,69.199997,69.589996,68.25,68.269997,67.948441,12237900
2018-05-01,68.239998,68.290001,67.41999799999999,68.25,67.928543,11602700
2018-05-02,67.949997,69.019997,67.75,67.989998,67.669762,15287300
2018-05-03,67.800003,68.230003,66.550003,67.940002,67.620003,16325500
2018-05-04,67.050003,68.269997,66.970001,67.940002,67.940002,12512000
2018-05-07,68.269997,68.66999799999999,68.139999,68.5,68.5,11801800
2018-05-08,69.650002,71.449997,69.389999,71.0,71.0,23603200
2018-05-09,71.230003,72.0,70.760002,71.949997,71.949997,15900700
2018-05-10,71.959999,72.93,71.589996,72.57,72.57,11488900
2018-05-11,72.529999,73.239998,72.459999,72.860001,72.860001,11531400
2018-05-14,72.93,73.300003,72.5,72.620003,72.620003,12615500
2018-05-15,72.510002,73.019997,72.360001,72.68,72.68,12483300
2018-05-16,72.440002,72.760002,71.809998,71.949997,71.949997,11796000
2018-05-17,71.730003,72.040001,71.07,71.559998,71.559998,14876000
2018-05-18,71.260002,71.32,69.889999,69.959999,69.959999,16160700
2018-05-21,70.650002,70.870003,70.300003,70.43,70.43,9798500
2018-05-22,70.790001,71.690002,70.510002,71.08000200000002,71.08000200000002,14147100
2018-05-23,70.650002,70.699997,69.230003,70.239998,70.239998,13318100
2018-05-24,69.839996,69.889999,68.489998,69.309998,69.309998,16520400
2018-05-25,68.93,68.93,68.209999,68.440002,68.440002,16008700
2018-05-29,67.120003,67.5,65.199997,65.709999,65.709999,37628200
2018-05-30,66.559998,66.879997,66.150002,66.68,66.68,19040500
2018-05-31,66.550003,66.949997,65.75,66.690002,66.690002,22633000
2018-06-01,67.489998,68.029999,67.08000200000001,67.279999,67.279999,14908500
2018-06-04,67.440002,67.769997,67.0,67.339996,67.339996,10460000
2018-06-05,67.08000200000001,67.089996,66.459999,66.760002,66.760002,14072700
2018-06-06,67.209999,68.41999799999999,67.099998,68.230003,68.230003,14862400
2018-06-07,68.93,69.0,67.970001,68.449997,68.449997,16505300
2018-06-08,68.129997,68.519997,67.769997,68.470001,68.470001,11609500
2018-06-11,68.91999799999999,69.16999799999999,68.07,68.110001,68.110001,13941500
2018-06-12,68.260002,68.57,67.440002,67.610001,67.610001,13737100
2018-06-13,67.82,68.410004,67.220001,67.290001,67.290001,17531500
2018-06-14,67.559998,67.610001,65.949997,66.160004,66.160004,24035400
2018-06-15,66.32,66.620003,65.239998,66.339996,66.339996,29314800
2018-06-18,65.75,66.809998,65.379997,66.75,66.75,13680800
2018-06-19,66.029999,66.910004,65.949997,66.779999,66.779999,16892800
2018-06-20,67.720001,67.949997,67.129997,67.379997,67.379997,16697100
2018-06-21,67.160004,68.089996,66.699997,67.629997,67.629997,16545800
2018-06-22,68.040001,68.209999,67.160004,67.199997,67.199997,16059900
2018-06-25,66.790001,66.879997,65.339996,65.75,65.75,21426600
2018-06-26,65.510002,66.690002,64.379997,66.309998,66.309998,22613700
2018-06-27,66.220001,67.559998,65.440002,65.459999,65.459999,20917500
2018-06-28,65.980003,67.129997,65.559998,66.879997,66.879997,19860100
2018-06-29,68.0,68.769997,66.879997,66.91999799999999,66.91999799999999,24193900
2018-07-02,66.209999,67.160004,65.940002,67.160004,67.160004,12699100
2018-07-03,67.449997,67.489998,65.940002,66.059998,66.059998,12346000
2018-07-05,66.440002,66.83000200000001,66.220001,66.559998,66.559998,12359000
2018-07-06,66.220001,67.339996,65.900002,67.139999,67.139999,13174900
2018-07-09,67.5,69.050003,67.489998,68.940002,68.940002,15148500
2018-07-10,69.230003,69.349998,67.949997,68.230003,68.230003,17057700
2018-07-11,67.970001,68.459999,67.839996,67.910004,67.910004,13262800
2018-07-12,68.360001,68.599998,67.940002,68.510002,68.510002,13345200
2018-07-13,67.989998,68.300003,66.220001,67.0,67.0,34054000
2018-07-16,67.360001,69.709999,67.279999,69.459999,69.459999,26659900
2018-07-17,69.5,69.870003,68.800003,69.349998,69.349998,17262800
2018-07-18,69.220001,70.260002,69.220001,69.849998,69.849998,16294000
2018-07-19,69.5,69.559998,68.559998,68.989998,68.989998,14832300
2018-07-20,68.790001,69.559998,68.529999,69.220001,68.786415,12017500
2018-07-23,69.160004,70.449997,69.010002,70.209999,69.77020999999999,15764000
2018-07-24,70.400002,71.470001,70.290001,71.07,70.624825,21883800
2018-07-25,70.82,71.75,70.75,71.720001,71.270752,14232700
2018-07-26,71.75,71.910004,71.25,71.339996,70.893127,11169200
2018-07-27,71.360001,71.82,71.160004,71.690002,71.240944,11194100
2018-07-30,71.860001,72.790001,71.800003,72.290001,71.837181,16339100
2018-07-31,72.199997,72.370003,71.629997,71.889999,71.43969,13608100
2018-08-01,72.5,73.08000200000002,71.900002,71.93,71.479439,13612200
2018-08-02,71.339996,71.93,71.019997,71.839996,71.389999,13248600
2018-08-03,71.639999,72.519997,71.57,72.389999,72.389999,13680000
2018-08-06,72.160004,72.650002,71.93,72.400002,72.400002,10121400
2018-08-07,72.57,72.910004,72.389999,72.410004,72.410004,12991100
2018-08-08,72.139999,73.209999,72.059998,72.889999,72.889999,10178900
2018-08-09,72.440002,72.650002,71.889999,71.980003,71.980003,11042100
2018-08-10,70.629997,70.900002,69.900002,70.260002,70.260002,20239500
2018-08-13,70.199997,70.360001,69.059998,69.160004,69.160004,16831177
2018-08-14,69.300003,70.199997,69.25,70.010002,70.010002,12668200
2018-08-15,69.230003,69.43,68.08000200000001,68.650002,68.650002,18952300
2018-08-16,69.160004,69.889999,69.089996,69.559998,69.559998,13439600
2018-08-17,69.41999799999999,69.870003,69.25,69.66999799999999,69.66999799999999,10062900
2018-08-20,69.459999,70.699997,69.379997,70.529999,70.529999,11232100
2018-08-21,70.629997,71.644997,70.58000200000002,71.239998,71.239998,12182698
2018-08-22,71.160004,71.41999799999998,70.964996,71.120003,71.120003,7296540
2018-08-23,71.029999,71.209999,70.639999,70.809998,70.809998,8310000
2018-08-24,70.599998,71.260002,70.510002,70.66999799999998,70.66999799999998,8760000
2018-08-27,71.07,72.650002,70.940002,72.389999,72.389999,13545300
2018-08-28,72.57,72.75,72.220001,72.379997,72.379997,9688600
2018-08-29,72.300003,72.839996,72.019997,72.529999,72.529999,7146800
2018-08-30,72.089996,72.360001,71.33000200000002,71.459999,71.459999,13197700
2018-08-31,71.050003,71.290001,70.589996,71.239998,71.239998,11898200
2018-09-04,70.989998,71.58000200000002,70.370003,71.400002,71.400002,10108500
2018-09-05,71.199997,71.779999,71.139999,71.16999799999998,71.16999799999998,13138100
2018-09-06,70.93,71.110001,69.92420200000001,70.110001,70.110001,15158944
2018-09-07,70.339996,70.449997,69.470001,69.639999,69.639999,15174200
2018-09-10,69.980003,70.279999,69.620003,69.629997,69.629997,12353600
2018-09-11,69.260002,69.709999,68.910004,69.43,69.43,12649500
2018-09-12,70.959999,71.650002,70.510002,70.510002,70.510002,17430251
2018-09-13,70.900002,71.699997,70.029999,70.150002,70.150002,13455531
2018-09-14,70.18,70.879997,70.150002,70.540001,70.540001,9613500
2018-09-17,70.790001,71.449997,70.400002,70.879997,70.879997,11168117
2018-09-18,71.300003,71.589996,70.599998,71.360001,71.360001,11452600
2018-09-19,71.540001,74.129997,71.540001,73.720001,73.720001,21667277
2018-09-20,74.5,75.010002,74.260002,74.790001,74.790001,23543600
2018-09-21,74.980003,75.239998,73.970001,74.150002,74.150002,28873900
2018-09-24,74.08000200000002,74.529999,73.120003,73.839996,73.839996,14022806
2018-09-25,74.220001,74.529999,73.470001,73.510002,73.510002,12305944
2018-09-26,73.519997,73.989998,72.370003,72.449997,72.449997,15055100
2018-09-27,72.900002,73.620003,72.379997,72.949997,72.949997,11417800
2018-09-28,72.059998,72.43,71.480003,71.739998,71.739998,14340600
2018-10-01,72.239998,72.860001,71.760002,71.93,71.93,11192618
2018-10-02,71.510002,72.182503,71.033798,71.800003,71.800003,12746436
2018-10-03,72.540001,72.839996,72.018997,72.360001,72.360001,11941991
2018-10-04,72.779999,73.980003,72.019997,72.620003,72.620003,18955100
2018-10-05,72.949997,73.120003,72.07,72.41999799999998,72.41999799999998,11480200
2018-10-08,71.690002,72.980003,71.519997,72.589996,72.589996,11956700
2018-10-09,72.059998,72.699997,71.410004,71.889999,71.889999,15644600
2018-10-10,72.07,72.5,69.870003,69.949997,69.949997,23519700
2018-10-11,69.139999,70.644997,68.360001,68.379997,68.379997,28857280
2018-10-12,70.449997,71.230003,68.410004,69.839996,69.839996,28991400
2018-10-15,70.129997,70.639999,69.18,69.209999,69.209999,17645683
2018-10-16,69.889999,70.040001,69.16999799999999,69.709999,69.709999,15317200
2018-10-17,69.349998,70.790001,69.029999,69.839996,69.362579,16774200
2018-10-18,69.540001,70.389999,68.410004,68.620003,68.150932,18168500
2018-10-19,68.540001,69.599998,68.160004,68.860001,68.38929,16721900
2018-10-22,68.889999,69.209999,66.57,66.589996,66.134796,17890900
2018-10-23,64.150002,66.08000200000001,63.18,65.730003,65.28068499999999,32809200
2018-10-24,65.410004,65.410004,63.59,63.799999,63.363873,23420600
2018-10-25,64.769997,65.510002,64.33000200000001,64.970001,64.525879,19510300
2018-10-26,64.16999799999999,64.739998,63.18,64.209999,63.771072,24066300
2018-10-29,65.059998,65.620003,63.68,64.349998,63.910114,20036800
2018-10-30,64.599998,65.190002,63.810001,64.529999,64.088882,19951900
2018-10-31,65.010002,66.209999,64.839996,65.459999,65.012527,20450300
2018-11-01,66.089996,66.440002,65.199997,65.83000200000001,65.379997,17744100
2018-11-02,66.07,66.91999799999999,65.58000200000001,65.91999799999999,65.91999799999999,21214800
2018-11-05,66.300003,67.470001,66.260002,67.300003,67.300003,14823900
2018-11-06,67.309998,67.309998,66.16999799999999,66.68,66.68,17049600
2018-11-07,67.290001,68.309998,66.699997,68.260002,68.260002,15529300
2018-11-08,67.940002,69.0,66.849998,67.779999,67.779999,18908100
2018-11-09,67.199997,67.489998,65.18,65.760002,65.760002,27125800
2018-11-12,65.559998,65.980003,64.07,64.209999,64.209999,16424200
2018-11-13,64.379997,65.440002,64.32,64.779999,64.779999,14121300
2018-11-14,65.389999,65.790001,62.84,63.5,63.5,19754600
2018-11-15,62.970001,64.720001,62.34,64.599998,64.599998,19202300
2018-11-16,64.489998,64.970001,64.019997,64.949997,64.949997,15995200
2018-11-19,65.08000200000001,65.540001,64.199997,64.620003,64.620003,12227400
2018-11-20,63.82,64.010002,62.150002,62.529999,62.529999,21024000
2018-11-21,62.759998,63.830002,62.669998,62.869999,62.869999,12380200
2018-11-23,62.330002,62.439999,61.720001,61.75,61.75,7316500
2018-11-26,62.669998,63.919998,62.5,63.73,63.73,19065100
2018-11-27,63.349998,63.84,62.75,63.459999,63.459999,12867900
2018-11-28,63.639999,65.650002,62.91,65.58000200000001,65.58000200000001,17719000
2018-11-29,65.089996,65.559998,64.660004,64.900002,64.900002,12914200
2018-11-30,64.370003,65.0,64.110001,64.790001,64.790001,14207800
2018-12-03,66.040001,66.459999,64.809998,65.160004,65.160004,14255500
2018-12-04,64.58000200000001,64.639999,61.119999,62.259997999999996,62.259997999999996,27104500
2018-12-06,59.360001000000004,60.09,58.360001000000004,60.060001,60.060001,37802600
2018-12-07,59.720001,60.720001,58.139998999999996,58.349998,58.349998,24282100
2018-12-10,57.950001,58.310001,55.830002,57.07,57.07,30695800
2018-12-11,58.169998,58.330002,55.900002,56.220001,56.220001,23712500
2018-12-12,57.130001,57.150002,55.849998,55.98,55.98,24941600
2018-12-13,56.380001,56.439999,55.41,55.77,55.77,27670700
2018-12-14,54.73,56.360001000000004,54.630001,55.02,55.02,22839300
2018-12-17,54.849998,55.93,53.919998,54.25,54.25,26212500
2018-12-18,54.720001,55.669998,53.549999,53.93,53.93,27302000
2018-12-19,53.900002,55.400002,52.18,52.82,52.82,31483100
2018-12-20,52.209998999999996,53.25,51.720001,52.27,52.27,39800000
2018-12-21,51.900002,52.560001,49.880001,50.240002000000004,50.240002000000004,52323000
2018-12-24,49.400002,50.25,48.48,49.259997999999996,49.259997999999996,21970800
2018-12-26,49.650002,51.450001,48.419998,51.439999,51.439999,32005600
2018-12-27,50.619999,51.77,49.700001,51.77,51.77,28573400
2018-12-28,51.93,52.549999,51.57,51.830002,51.830002,23176900
2018-12-31,51.98,52.669998,51.389999,52.060001,52.060001,19317500
