Date,Open,High,Low,Close,Adj Close,Volume
2017-01-03,25.950001,26.110001,25.639999,25.82,25.82,8275300
2017-01-04,26.049999,26.084999,25.584999,25.85,25.85,7862800
2017-01-05,26.15,26.799999,26.049999,26.299999,26.299999,10205600
2017-01-06,26.299999,26.41,25.92,26.27,26.27,6234300
2017-01-09,26.639999,26.950001,26.139999,26.26,26.26,8071500
2017-01-10,26.299999,27.1,26.25,26.9,26.9,20417400
2017-01-11,26.76,27.18,26.445,26.77,26.77,5498100
2017-01-12,26.83,26.83,26.48,26.610001,26.610001,4867700
2017-01-13,26.77,26.9,26.52,26.84,26.84,5929700
2017-01-17,26.82,27.65,26.709999,27.209999,27.209999,7705100
2017-01-18,27.34,27.5,26.860001,27.16,27.16,5974400
2017-01-19,27.299999,27.84,27.129999,27.75,27.75,10279700
2017-01-20,27.959999,28.139999,27.540001,27.6,27.6,7142000
2017-01-23,27.5,28.27,27.459999,28.18,28.18,9972400
2017-01-24,28.5,28.91,28.219999,28.540001,28.540001,13843200
2017-01-25,28.77,28.84,28.354,28.59,28.59,7459500
2017-01-26,28.799999,28.799999,28.18,28.32,28.32,6052100
2017-01-27,28.35,28.5,28.120001,28.360001,28.360001,3107000
2017-01-30,28.17,28.639999,28.059999,28.559999,28.559999,3595000
2017-01-31,28.32,28.459999,28.01,28.4,28.4,4381700
2017-02-01,28.59,28.59,28.02,28.129999,28.129999,4109200
2017-02-02,28.0,28.209999,27.879999,28.17,28.17,4403300
2017-02-03,28.280001,28.4,28.08,28.32,28.32,3671500
2017-02-06,28.639999,28.799999,28.35,28.540001,28.540001,3919200
2017-02-07,28.66,28.940001,28.459999,28.809999,28.809999,4834600
2017-02-08,28.809999,29.059999,28.629999,28.98,28.98,3769400
2017-02-09,28.959999,29.200001,28.76,29.01,29.01,6234700
2017-02-10,29.209999,29.525,29.01,29.379999,29.379999,4491400
2017-02-13,29.52,29.65,29.105,29.52,29.52,6084500
2017-02-14,29.48,29.74,29.280001,29.43,29.43,3330800
2017-02-15,29.5,30.25,29.4,30.139999,30.139999,8001200
2017-02-16,30.32,30.57,30.030001,30.23,30.23,7706200
2017-02-17,29.57,30.27,29.51,29.85,29.85,7079600
2017-02-21,30.0,30.285,29.809999,30.23,30.23,5131400
2017-02-22,30.27,30.67,30.1,30.469999,30.469999,6599800
2017-02-23,30.75,30.879999,30.23,30.610001,30.610001,9920800
2017-02-24,30.5,30.52,30.030001,30.27,30.27,4641300
2017-02-27,30.299999,30.91,30.25,30.799999,30.799999,5946300
2017-02-28,30.969999,31.16,30.360001,30.57,30.57,8639500
2017-03-01,30.83,30.99,30.559999,30.67,30.67,7942600
2017-03-02,31.74,32.470001,30.48,30.93,30.93,22176000
2017-03-03,31.32,31.58,30.870001,30.93,30.93,9199300
2017-03-06,30.969999,30.98,30.24,30.41,30.41,8109800
2017-03-07,30.200001,30.940001,29.959999,30.75,30.75,7488300
2017-03-08,30.610001,31.639999,30.6,31.34,31.34,8226600
2017-03-09,31.15,31.51,30.959999,31.200001,31.200001,5546200
2017-03-10,31.35,31.549999,30.945,31.059999,31.059999,6038500
2017-03-13,31.27,31.82,31.15,31.690001,31.690001,6473500
2017-03-14,31.459999,31.59,31.110001,31.370001,31.370001,4364700
2017-03-15,31.35,31.530001,31.08,31.379999,31.379999,4368800
2017-03-16,31.870001,32.209999,31.440001,31.540001,31.540001,6367500
2017-03-17,31.77,31.77,31.34,31.559999,31.559999,6464100
2017-03-20,31.57,31.870001,31.540001,31.719999,31.719999,4270800
2017-03-21,31.879999,31.93,30.139999,30.32,30.32,9364400
2017-03-22,30.18,30.610001,29.879999,30.58,30.58,6790000
2017-03-23,30.85,31.35,30.610001,31.290001,31.290001,8940500
2017-03-24,31.42,31.84,31.1,31.26,31.26,5826800
2017-03-27,31.0,31.549999,30.76,31.379999,31.379999,4055400
2017-03-28,31.33,32.0,31.209999,31.459999,31.459999,5862300
2017-03-29,31.5,31.67,31.424999,31.58,31.58,3152800
2017-03-30,31.5,31.889999,31.469999,31.559999,31.559999,4907700
2017-03-31,31.4,31.559999,31.084999,31.110001,31.110001,5975200
2017-04-03,31.43,32.099998,31.27,31.92,31.92,7934900
2017-04-04,31.799999,31.889999,31.23,31.440001,31.440001,4927500
2017-04-05,31.58,32.060001,31.440001,31.530001,31.530001,5368400
2017-04-06,31.690001,32.259998,31.49,32.23,32.23,5840700
2017-04-07,32.200001,32.25,31.57,32.009998,32.009998,5651000
2017-04-10,32.16,32.919998,32.150002,32.669998,32.669998,8303800
2017-04-11,32.700001,33.280998,32.220001,32.299999,32.299999,8054200
2017-04-12,32.310001,32.880001,32.310001,32.709999,32.709999,6818000
2017-04-13,32.740002000000004,32.869999,32.450001,32.470001,32.470001,3029600
2017-04-17,32.669998,33.09,32.580002,32.720001,32.720001,4383300
2017-04-18,32.669998,33.005001,32.549999,32.84,32.84,4273500
2017-04-19,33.16,34.0,33.099998,33.360001000000004,33.360001000000004,10268600
2017-04-20,34.040001000000004,34.139999,33.450001,33.970001,33.970001,7963500
2017-04-21,34.139999,34.724998,34.0,34.349998,34.349998,11713500
2017-04-24,34.779999,34.939999,34.360001000000004,34.57,34.57,9606800
2017-04-25,35.0,35.07,34.880001,34.959999,34.959999,6889900
2017-04-26,35.060001,35.075001,34.799999,34.939999,34.939999,6069900
2017-04-27,35.049999,35.32,34.970001,35.299999,35.299999,4983000
2017-04-28,35.5,35.5,34.73,35.07,35.07,4757800
2017-05-01,35.139999,35.450001,35.02,35.34,35.34,5712700
2017-05-02,35.349998,35.564999,34.869999,35.450001,35.450001,5194800
2017-05-03,35.529999,35.529999,34.509998,35.150002,35.150002,7920900
2017-05-04,35.259998,35.494999,34.958,35.400002,35.400002,10001600
2017-05-05,35.5,35.900002,35.16,35.779999,35.779999,9033900
2017-05-08,37.880001,39.09,37.689999,38.549999,38.549999,31389600
2017-05-09,38.84,38.990002,38.279999,38.529999,38.529999,16211100
2017-05-10,38.549999,39.360001,38.419998,39.32,39.32,16745100
2017-05-11,39.150002,40.0,38.75,39.759998,39.759998,13039700
2017-05-12,39.82,40.720001,39.77,40.560001,40.560001,13923100
2017-05-15,40.990002,41.012001,39.91,40.23,40.23,12498600
2017-05-16,40.279999,41.0,40.23,40.77,40.77,14975900
2017-05-17,40.200001,40.959999,39.959999,40.040001,40.040001,10284600
2017-05-18,39.025002,40.395,38.59,40.16,40.16,12521400
2017-05-19,40.470001,41.720001,40.419998,41.060001,41.060001,12501200
2017-05-22,41.610001,41.970001,41.200001,41.66,41.66,11472000
2017-05-23,41.959999,41.970001,40.32,40.720001,40.720001,11557400
2017-05-24,40.860001,40.91,39.77,40.439999,40.439999,10509900
2017-05-25,41.0,41.349998,40.715,41.02,41.02,9737600
2017-05-26,40.93,41.099998,40.615002,40.990002,40.990002,6780300
2017-05-30,41.099998,41.099998,40.369999,40.790001,40.790001,7109900
2017-05-31,40.720001,40.790001,39.689999,40.029999,40.029999,14503600
2017-06-01,40.200001,40.470001,39.98,40.290001,40.290001,10061400
2017-06-02,40.32,40.369999,39.860001,40.23,40.23,8721100
2017-06-05,40.32,40.529999,40.07,40.32,40.32,5543300
2017-06-06,40.200001,40.549999,40.07,40.18,40.18,6317800
2017-06-07,40.299999,41.43,40.150002,41.18,41.18,7187400
2017-06-08,43.41,43.799999,41.220001,41.919998,41.919998,23886200
2017-06-09,42.490002,42.509998,38.459999,39.0,39.0,23285100
2017-06-12,39.0,39.619999,37.98,39.220001,39.220001,18130800
2017-06-13,39.830002,40.139999,38.937,39.27,39.27,11098800
2017-06-14,39.57,39.575001,38.200001,38.400002,38.400002,14856300
2017-06-15,38.029999,38.139999,36.77,38.119999,38.119999,17218400
2017-06-16,37.919998,38.584999,37.73,38.169998,38.169998,10328800
2017-06-19,39.455002,40.32,39.349998,39.740002,39.740002,17094100
2017-06-20,39.599998,39.84,38.75,38.900002,38.900002,8672800
2017-06-21,39.189999,41.27,38.98,41.09,41.09,16040900
2017-06-22,40.619999,41.450001,40.599998,41.330002,41.330002,11009100
2017-06-23,41.299999,43.060001,41.0,42.950001,42.950001,15892100
2017-06-26,43.310001,44.18,42.049999,43.080002,43.080002,17101000
2017-06-27,42.790001,42.950001,40.529999,40.689999,40.689999,16074200
2017-06-28,41.490002,41.52,39.630001,41.279999,41.279999,13714700
2017-06-29,41.150002,41.189999,39.220001,39.5,39.5,14952400
2017-06-30,39.865002,39.950001,38.740002,39.220001,39.220001,13271200
2017-07-03,39.830002,39.830002,38.75,38.860001,38.860001,5713400
2017-07-05,38.950001,39.919998,38.509998,39.759998,39.759998,11584600
2017-07-06,39.209999,39.490002,38.709999,39.110001,39.110001,8527400
2017-07-07,39.099998,39.66,39.099998,39.220001,39.220001,6603200
2017-07-10,39.25,40.634998,39.209999,40.419998,40.419998,9663700
2017-07-11,40.59,41.334999,40.32,40.810001,40.810001,8056300
2017-07-12,41.27,41.98,41.200001,41.439999,41.439999,8126200
2017-07-13,41.5,41.91,41.009998,41.43,41.43,5157800
2017-07-14,41.380001,42.134998,41.174999,42.009998,42.009998,7283500
2017-07-17,42.049999,42.139999,40.970001,41.630001,41.630001,7573500
2017-07-18,41.599998,43.099998,41.34,42.990002,42.990002,10107600
2017-07-19,43.400002,44.09,42.771,43.220001,43.220001,12296700
2017-07-20,43.259998,43.490002,42.514999,42.919998,42.919998,5826300
2017-07-21,43.0,43.235001,42.400002,43.080002,43.080002,4154800
2017-07-24,43.150002,43.68,43.049999,43.540001,43.540001,5842300
2017-07-25,43.75,44.73,43.27,44.459999,44.459999,8479100
2017-07-26,44.759998,46.849998,44.619999,45.869999,45.869999,15727700
2017-07-27,46.5,46.849998,43.880001,45.16,45.16,16176900
2017-07-28,44.700001,45.960999,44.200001,45.220001,45.220001,8919300
2017-07-31,45.27,45.984001,44.439999,45.169998,45.169998,11473100
2017-08-01,45.82,45.91,45.25,45.549999,45.549999,6188500
2017-08-02,45.549999,45.75,44.16,45.25,45.25,7937700
2017-08-03,45.490002,45.73,44.66,45.299999,45.299999,8277600
2017-08-04,45.599998,46.415001,45.34,46.400002,46.400002,5775800
2017-08-07,46.639999,47.950001,46.27,47.560001,47.560001,10439200
2017-08-08,47.919998,48.990002,47.630001,48.150002,48.150002,16061900
2017-08-09,47.639999,47.880001,46.889999,47.84,47.84,10069800
2017-08-10,47.5,47.849998,45.759998,46.09,46.09,12381900
2017-08-11,45.5,46.213001,44.91,45.900002,45.900002,16163500
2017-08-14,45.0,45.450001,43.060001,44.25,44.25,36778800
2017-08-15,44.939999,44.98,43.259998,44.049999,44.049999,18834700
2017-08-16,44.470001,44.950001,43.459999,43.650002,43.650002,14150300
2017-08-17,43.040001,43.150002,40.75,40.799999,40.799999,30669000
2017-08-18,41.060001,41.169998,39.93,40.130001,40.130001,19114600
2017-08-21,40.400002,41.470001,40.209999,41.259998,41.259998,17220900
2017-08-22,41.869999,42.215,41.150002,42.150002,42.150002,15564100
2017-08-23,42.130001,43.060001,41.849998,42.439999,42.439999,14382400
2017-08-24,42.810001,42.959999,41.450001,42.07,42.07,13507700
2017-08-25,42.040001,42.139999,40.360001,40.869999,40.869999,15744900
2017-08-28,41.0,41.122002,39.43,40.349998,40.349998,14718900
2017-08-29,39.400002,41.07,39.330002,40.84,40.84,9388100
2017-08-30,40.900002,42.049999,40.895,41.939999,41.939999,9590300
2017-08-31,42.380001,42.509998,41.396999,41.91,41.91,9956700
2017-09-01,41.93,42.490002,41.68,41.990002,41.990002,6093400
2017-09-05,41.525002,41.880001,40.970001,41.400002,41.400002,9546100
2017-09-06,41.700001,42.18,41.134998,41.639999,41.639999,7886000
2017-09-07,41.73,42.132999,41.57,41.830002,41.830002,5668100
2017-09-08,41.759998,41.956001,41.07,41.150002,41.150002,7008300
2017-09-11,41.709999,42.5,41.709999,42.040001,42.040001,10256600
2017-09-12,42.360001,43.5,41.810001,43.290001,43.290001,14168300
2017-09-13,43.450001,45.279999,43.360001,45.27,45.27,20095000
2017-09-14,44.84,45.93,44.52,45.25,45.25,12954300
2017-09-15,45.584999,45.599998,44.700001,44.91,44.91,16910700
2017-09-18,45.450001,45.830002,44.709999,44.740002,44.740002,11368500
2017-09-19,45.0,45.040001,43.830002,44.330002,44.330002,9301600
2017-09-20,44.389999,44.549999,43.715,44.439999,44.439999,8014200
2017-09-21,43.900002,43.959999,42.41,42.98,42.98,14574100
2017-09-22,42.48,42.68,42.16,42.369999,42.369999,11622100
2017-09-25,42.040001,42.09,40.470001,40.93,40.93,17094900
2017-09-26,41.560001,41.779999,40.110001,40.32,40.32,15067500
2017-09-27,40.709999,40.84,39.330002,39.709999,39.709999,20020400
2017-09-28,39.48,39.5,38.209999,38.650002,38.650002,24883300
2017-09-29,38.375,38.830002,37.82,38.200001,38.200001,23315400
2017-10-02,38.400002,39.939999,38.299999,39.099998,39.099998,18686100
2017-10-03,39.93,40.23,39.099998,39.209999,39.209999,15964200
2017-10-04,39.209999,39.209999,37.610001,38.34,38.34,21458600
2017-10-05,38.619999,39.265999,38.209999,39.139999,39.139999,11729200
2017-10-06,38.98,39.719002,38.932999,39.240002,39.240002,9685900
2017-10-09,39.400002,39.470001,38.689999,38.91,38.91,9505400
2017-10-10,39.290001,40.290001,39.099998,40.169998,40.169998,16530300
2017-10-11,40.369999,40.419998,39.52,39.619999,39.619999,14071800
2017-10-12,39.599998,39.619999,38.439999,38.509998,38.509998,14544900
2017-10-13,38.709999,38.970001,38.439999,38.720001,38.720001,13047400
2017-10-16,40.139999,40.150002,38.959999,39.669998,39.669998,19939400
2017-10-17,39.950001,40.150002,39.369999,39.59,39.59,12073600
2017-10-18,40.0,40.77,39.57,40.32,40.32,19064600
2017-10-19,39.799999,40.18,39.209999,39.380001,39.380001,16381200
2017-10-20,39.700001,39.75,38.689999,39.0,39.0,20233500
2017-10-23,39.150002,39.200001,38.330002,38.43,38.43,13575900
2017-10-24,38.66,38.814999,38.459999,38.52,38.52,11847100
2017-10-25,38.549999,38.970001,37.130001,37.400002,37.400002,22016400
2017-10-26,37.560001,37.68,36.709999,36.810001,36.810001,19145500
2017-10-27,37.009998,37.470001,35.79000100000001,37.360001,37.360001,23630700
2017-10-30,37.810001,37.869999,36.939999,37.419998,37.419998,15653100
2017-10-31,37.84,38.029999,37.275002,37.52,37.52,13581700
2017-11-01,38.0,38.310001,37.720001,37.860001,37.860001,15800100
2017-11-02,38.240002,38.669998,37.665001,37.880001,37.880001,17726800
2017-11-03,38.400002,38.610001,38.209999,38.419998,38.419998,15409200
2017-11-06,39.009998,39.18,38.599998,39.009998,39.009998,14493500
2017-11-07,39.689999,39.900002,39.09,39.790001,39.790001,14580100
2017-11-08,39.91,40.830002,39.849998,40.330002,40.330002,17107200
2017-11-09,40.189999,40.220001,38.889999,39.799999,39.799999,16914800
2017-11-10,39.830002,40.400002,39.169998,39.959999,39.959999,16868900
2017-11-13,41.970001,42.77,40.849998,41.34,41.34,43667300
2017-11-14,41.0,41.049999,38.25,38.900002,38.900002,38892800
2017-11-15,38.5,39.380001,37.790001,39.349998,39.349998,19456400
2017-11-16,39.639999,40.580002,39.34,40.220001,40.220001,18078600
2017-11-17,40.34,40.73,39.950001,40.25,40.25,16665600
2017-11-20,40.360001,40.450001,38.900002,39.200001,39.200001,20091100
2017-11-21,39.494999,40.369999,39.494999,39.880001,39.880001,13821400
2017-11-22,40.200001,40.459999,39.450001,39.790001,39.790001,9320000
2017-11-24,39.720001,39.73,39.049999,39.209999,39.209999,7256300
2017-11-27,39.0,39.130001,38.52,38.66,38.66,9577500
2017-11-28,38.759998,38.959999,38.299999,38.57,38.57,8241800
2017-11-29,38.400002,38.610001,37.099998,37.830002,37.830002,18255700
2017-11-30,37.869999,38.0,37.119999,37.450001,37.450001,16357700
2017-12-01,37.02,37.68,36.540001,37.27,37.27,13552500
2017-12-04,37.77,38.25,36.66,36.75,36.75,15756800
2017-12-05,36.040001,37.630001,35.810001,37.299999,37.299999,16057300
2017-12-06,36.709999,37.849998,36.549999,37.82,37.82,14647400
2017-12-07,37.830002,38.330002,37.73,38.130001,38.130001,16026000
2017-12-08,38.41,38.779999,37.919998,38.009998,38.009998,9479300
2017-12-11,38.049999,38.549999,37.610001,38.459999,38.459999,9114500
2017-12-12,38.240002,38.814999,38.029999,38.560001,38.560001,9126400
2017-12-13,39.02,40.91,38.900002,40.799999,40.799999,28073700
2017-12-14,40.400002,40.990002,39.880001,40.630001,40.630001,22350200
2017-12-15,40.459999,40.59,39.900002,40.32,40.32,24030500
2017-12-18,42.0,42.09,41.360001,41.68,41.68,20053300
2017-12-19,41.610001,43.48,41.610001,42.970001,42.970001,31675300
2017-12-20,42.709999,43.09,41.439999,42.16,42.16,21883600
2017-12-21,42.200001,42.700001,41.970001,42.27,42.27,7217700
2017-12-22,42.310001,42.860001,41.900002,42.189999,42.189999,7162100
2017-12-26,41.959999,42.419998,41.645,42.139999,42.139999,6323900
2017-12-27,42.18,42.630001,41.709999,42.290001,42.290001,7002200
2017-12-28,42.310001,42.470001,41.599998,41.630001,41.630001,6835600
2017-12-29,41.669998,41.861000000000004,41.306999,41.419998,41.419998,4815900
2018-01-02,42.139999,43.5,41.900002,43.279999,43.279999,18131200
2018-01-03,43.720001,43.900002,43.111000000000004,43.509998,43.509998,12451000
2018-01-04,43.959999,44.080002,43.130001,43.669998,43.669998,9994200
2018-01-05,44.0,45.830002,43.889999,45.639999,45.639999,18182600
2018-01-08,45.674999,46.5,45.560001,46.099998,46.099998,14483400
2018-01-09,46.490002,46.799999,45.790001,46.130001,46.130001,12380900
2018-01-10,45.439999,46.5,45.169998,46.450001,46.450001,11890800
2018-01-11,46.5,46.73,45.82,46.610001,46.610001,9719200
2018-01-12,46.68,47.23,46.285,46.400002,46.400002,9367200
2018-01-16,47.32,47.400002,45.919998,46.459999,46.459999,13359700
2018-01-17,46.900002,46.93,46.02,46.610001,46.610001,6950800
2018-01-18,46.689999,46.799999,45.599998,45.900002,45.900002,10400900
2018-01-19,46.150002,46.400002,45.57,46.02,46.02,6650600
2018-01-22,45.509998,45.599998,43.34,45.259998,45.259998,18430400
2018-01-23,45.400002,45.700001,44.34,45.18,45.18,13589700
2018-01-24,45.43,47.939999,45.419998,46.740002,46.740002,20874600
2018-01-25,46.740002,47.740002,46.349998,47.380001,47.380001,14501100
2018-01-26,48.23,50.549999,48.105999,50.5,50.5,25705400
2018-01-29,50.599998,50.68,49.709999,49.939999,49.939999,15783500
2018-01-30,48.75,49.43,48.220001,49.259998,49.259998,13418000
2018-01-31,49.740002,50.169998,49.035,49.23,49.23,18376300
2018-02-01,46.889999,49.25,45.5,47.549999,47.549999,19814400
2018-02-02,47.990002,48.02,45.919998,46.029999,46.029999,15944200
2018-02-05,45.029999,47.639999,44.110001,44.599998,44.599998,19415700
2018-02-06,43.060001,45.299999,42.599998,45.049999,45.049999,20648900
2018-02-07,44.970001,45.330002,44.220001,44.389999,44.389999,14960200
2018-02-08,44.84,44.84,42.169998,42.25,42.25,16458400
2018-02-09,42.619999,43.41,40.93,42.93,42.93,18336700
2018-02-12,43.68,44.095001,43.040001,43.720001,43.720001,11475800
2018-02-13,43.77,44.740002,43.57,44.549999,44.549999,8432100
2018-02-14,44.84,47.25,44.720001,46.860001,46.860001,16727000
2018-02-15,47.779999,47.91,46.259998,47.110001,47.110001,9799800
2018-02-16,47.099998,47.299999,46.299999,46.419998,46.419998,7362600
2018-02-20,46.34,47.919998,46.299999,46.93,46.93,10756800
2018-02-21,47.529999,48.799999,47.130001,47.16,47.16,14555600
2018-02-22,47.93,48.009998,47.16,47.810001,47.810001,9622200
2018-02-23,48.220001,48.360001,47.48,48.349998,48.349998,9730500
2018-02-26,49.0,49.0,48.189999,48.799999,48.799999,9126900
2018-02-27,48.57,48.720001,46.990002,47.040001,47.040001,12688600
2018-02-28,47.459999,48.18,46.799999,47.150002,47.150002,12227800
2018-03-01,47.099998,47.650002,45.049999,46.209999,46.209999,15883200
2018-03-02,42.98,43.990002,41.799999,43.799999,43.799999,34897000
2018-03-05,43.369999,43.650002,41.889999,42.990002,42.990002,22091000
2018-03-06,43.529999,43.709999,42.689999,43.139999,43.139999,14014400
2018-03-07,42.799999,44.540001,42.610001,44.41,44.41,11848600
2018-03-08,44.509998,45.709999,44.5,45.389999,45.389999,15116800
2018-03-09,45.709999,46.130001,45.290001,45.709999,45.709999,10069700
2018-03-12,46.02,46.310001,45.450001,46.009998,46.009998,8896200
2018-03-13,46.0,46.0,43.900002,44.32,44.32,15869300
2018-03-14,44.384998,45.150002,44.049999,44.09,44.09,11801600
2018-03-15,45.080002,45.48,44.380001,44.939999,44.939999,14166500
2018-03-16,44.990002,45.220001,44.75,44.970001,44.970001,14659400
2018-03-19,44.259998,44.689999,43.43,44.150002,44.150002,19223700
2018-03-20,44.240002,44.360001,43.75,44.0,44.0,11270600
2018-03-21,44.360001,44.669998,43.400002,43.509998,43.509998,14568900
2018-03-22,42.939999,43.060001,41.599998,42.509998,42.509998,18312600
2018-03-23,42.299999,42.889999,40.660999,40.869999,40.869999,18935900
2018-03-26,41.970001,42.400002,41.0,41.849998,41.849998,13573800
2018-03-27,42.200001,42.290001,40.330002,40.709999,40.709999,15262400
2018-03-28,40.34,40.400002,39.119999,40.009998,40.009998,21590700
2018-03-29,40.240002,41.0,40.18,40.490002,40.490002,11619600
2018-04-02,40.09,40.52,38.68,39.080002,39.080002,14019000
2018-04-03,39.599998,39.66,38.439999,38.98,38.98,9496700
2018-04-04,37.799999,39.630001,37.751999,39.439999,39.439999,11933700
2018-04-05,40.0,40.439999,39.91,40.189999,40.189999,10002800
2018-04-06,39.549999,40.040001,38.91,39.23,39.23,12637000
2018-04-09,39.889999,41.049999,39.560001,40.07,40.07,9335200
2018-04-10,41.27,41.299999,40.18,40.700001,40.700001,7605100
2018-04-11,40.439999,41.049999,40.41,40.459999,40.459999,6299600
2018-04-12,40.630001,40.994999,40.419998,40.599998,40.599998,5957300
2018-04-13,40.400002,40.52,39.580002,39.799999,39.799999,8288500
2018-04-16,39.889999,40.07,39.490002,39.93,39.93,5445300
2018-04-17,40.119999,40.580002,39.810001,40.27,40.27,9740200
2018-04-18,40.5,40.5,39.509998,40.18,40.18,9516600
2018-04-19,40.139999,40.34,38.610001,38.900002,38.900002,16780100
2018-04-20,37.34,37.490002,36.5,37.439999,37.439999,25691700
2018-04-23,37.41,37.759998,36.740002,37.0,37.0,12407800
2018-04-24,37.369999,37.549999,35.459999,35.869999,35.869999,19627300
2018-04-25,35.79000100000001,36.240002,34.880001,35.880001,35.880001,10914300
2018-04-26,36.130001,36.900002,36.115002,36.5,36.5,9146300
2018-04-27,37.099998,37.188,36.330002,36.759998,36.759998,8360300
2018-04-30,37.080002,37.09,36.150002,36.509998,36.509998,8537900
2018-05-01,36.299999,37.5,36.290001,37.470001,37.470001,10001100
2018-05-02,37.27,37.494999,36.939999,37.080002,37.080002,8285200
2018-05-03,36.900002,37.439999,36.200001,37.200001,37.200001,11486400
2018-05-04,36.549999,37.849998,36.400002,37.669998,37.669998,14010700
2018-05-07,38.240002,38.91,38.0,38.720001,38.720001,19097200
2018-05-08,38.18,38.290001,36.549999,36.939999,36.939999,26166400
2018-05-09,36.75,37.400002,36.509998,37.139999,37.139999,13651200
2018-05-10,37.139999,37.252998,36.700001,36.849998,36.849998,9592100
2018-05-11,37.02,37.200001,36.689999,36.950001,36.950001,6867200
2018-05-14,37.25,37.759998,37.07,37.169998,37.169998,8145800
2018-05-15,36.73,36.93,35.93,36.119999,36.119999,11197100
2018-05-16,36.400002,36.755001,36.16,36.43,36.43,9408400
2018-05-17,36.34,36.740002,35.687,35.959999,35.959999,10110100
2018-05-18,36.0,36.02,35.549999,35.709999,35.709999,9266900
2018-05-21,36.209999,36.950001,36.07,36.279999,36.279999,13780800
2018-05-22,36.27,36.869999,36.27,36.360001,36.360001,9000100
2018-05-23,36.18,37.18,36.009998,36.720001,36.720001,18612800
2018-05-24,36.900002,37.139999,36.48,36.700001,36.700001,13841200
2018-05-25,36.799999,37.150002,36.75,36.869999,36.869999,7838000
2018-05-29,36.700001,37.0,36.099998,36.529999,36.529999,9676900
2018-05-30,36.349998,36.540001,35.669998,35.799999,35.799999,10801600
2018-05-31,35.93,36.02,34.759998,35.18,35.18,20143500
2018-06-01,35.57,36.259998,35.54000100000001,36.09,36.09,12397700
2018-06-04,36.490002,38.18,36.382,38.16,38.16,20349000
2018-06-05,39.0,39.459999,38.509998,38.869999,38.869999,19386900
2018-06-06,39.25,40.68,39.200001,40.400002,40.400002,21989200
2018-06-07,40.790001,40.84,38.919998,39.5,39.5,13793200
2018-06-08,38.990002,40.41,38.959999,39.919998,39.919998,12679800
2018-06-11,40.080002,40.080002,39.23,39.639999,39.639999,8980100
2018-06-12,39.860001,41.470001,39.700001,41.470001,41.470001,16751900
2018-06-13,41.459999,41.880001,40.562,41.25,41.25,15571200
2018-06-14,41.119999,43.959999,41.110001,43.75,43.75,28735700
2018-06-15,42.810001,43.880001,42.049999,43.59,43.59,24615500
2018-06-18,45.029999,45.23,43.119999,43.759998,43.759998,45450800
2018-06-19,42.0,42.369999,40.889999,41.889999,41.889999,27377500
2018-06-20,42.66,42.720001,41.360001,41.68,41.68,16169900
2018-06-21,41.470001,41.59,40.41,40.82,40.82,14422100
2018-06-22,41.139999,41.189999,40.369999,40.82,40.82,9409900
2018-06-25,39.939999,40.0,38.799999,39.18,39.18,17566700
2018-06-26,39.560001,39.759998,39.049999,39.470001,39.470001,10262200
2018-06-27,39.5,40.209999,38.290001,38.389999,38.389999,15704000
2018-06-28,38.41,38.98,37.93,38.93,38.93,9852700
2018-06-29,39.150002,39.869999,38.75,38.950001,38.950001,10243900
2018-07-02,38.009998,38.799999,37.869999,38.790001,38.790001,12932300
2018-07-03,39.18,39.209999,38.349998,38.380001,38.380001,5953300
2018-07-05,38.540001,38.869999,37.779999,38.540001,38.540001,9390600
2018-07-06,38.279999,39.529999,38.16,39.459999,39.459999,11616800
2018-07-09,39.990002,40.040001,39.290001,39.400002,39.400002,9902600
2018-07-10,39.490002,39.959999,38.419998,38.59,38.59,10153700
2018-07-11,37.860001,38.23,37.389999,37.950001,37.950001,10935300
2018-07-12,38.27,38.77,38.009998,38.52,38.52,9926600
2018-07-13,38.529999,38.77,37.959999,38.27,38.27,6937000
2018-07-16,38.299999,38.310001,37.790001,38.040001,38.040001,6270900
2018-07-17,37.700001,38.169998,37.599998,37.990002,37.990002,8431800
2018-07-18,37.959998999999996,38.09,37.049999,37.529999,37.529999,15024500
2018-07-19,37.189999,37.240002,36.779999,36.880001,36.880001,8109300
2018-07-20,36.849998,36.900002,35.259997999999996,35.509997999999996,35.509997999999996,30111000
2018-07-23,35.939999,36.139998999999996,35.470001,35.66,35.66,9977700
2018-07-24,36.27,36.700001,35.215,35.310001,35.310001,13768100
2018-07-25,35.580002,37.110001000000004,35.380001,36.919998,36.919998,17787700
2018-07-26,36.220001,37.400002,36.220001,36.639998999999996,36.639998999999996,10394200
2018-07-27,37.150002,37.365002000000004,35.86000100000001,36.209998999999996,36.209998999999996,10426700
2018-07-30,36.18,36.290001000000004,34.860001000000004,35.16,35.16,13689200
2018-07-31,35.189999,35.889998999999996,34.900002,35.86000100000001,35.86000100000001,14307800
2018-08-01,35.580002,36.889998999999996,35.560001,36.279999,36.279999,13061300
2018-08-02,35.400002,36.34,35.130001,36.290001000000004,36.290001000000004,12221600
2018-08-03,36.48,36.714001,35.810001,36.169998,36.169998,6754000
2018-08-06,36.060001,36.110001000000004,35.529999,35.900002,35.900002,9665800
2018-08-07,36.290001000000004,36.700001,35.922001,36.5,36.5,9416300
2018-08-08,36.57,36.799999,35.959999,36.0,36.0,8673200
2018-08-09,36.27,36.622002,35.959998999999996,36.02,36.02,8157100
2018-08-10,35.619999,35.904999,35.470001,35.79000100000001,35.79000100000001,8677600
2018-08-13,35.580002,35.66,34.540001000000004,35.07,35.07,15524300
2018-08-14,34.59,34.59,33.02,33.869999,33.869999,33338500
2018-08-15,32.130001,32.560001,31.48,32.360001000000004,32.360001000000004,46803300
2018-08-16,32.0,33.200001,31.18,31.969999,31.969999,46628200
2018-08-17,31.83,32.445,31.07,32.220001,32.220001,20065900
2018-08-20,32.610001000000004,33.279999,32.599998,33.040001000000004,33.040001000000004,15729400
2018-08-21,33.41,33.599998,32.459999,32.799999,32.799999,12365900
2018-08-22,32.75,32.849998,32.310001,32.34,32.34,15480300
2018-08-23,32.740002000000004,33.049999,31.129999,31.389999,31.389999,23523300
2018-08-24,31.549999,31.656,31.264999,31.4,31.4,12823200
2018-08-27,31.98,32.805,31.77,32.669998,32.669998,16679800
2018-08-28,32.98,32.990002000000004,31.809999,32.16,32.16,14949800
2018-08-29,32.029999,32.389999,31.905001,31.950001,31.950001,9591500
2018-08-30,31.65,31.82,30.761,31.0,31.0,15360700
2018-08-31,30.66,31.459999,30.52,31.299999,31.299999,10738200
2018-09-04,30.01,30.030001,29.059999,29.43,29.43,47842200
2018-09-05,27.959999,28.049999,26.0,26.299999,26.299999,82433300
2018-09-06,27.24,27.93,26.559998999999998,27.25,27.25,41548292
2018-09-07,27.209999,27.41,26.700001,26.950001,26.950001,26616600
2018-09-10,26.75,26.85,26.110001,26.530001000000002,26.530001000000002,21661700
2018-09-11,26.040001,27.4,25.9,27.09,27.09,22617500
2018-09-12,26.98,27.76,26.725,27.629999,27.629999,19803322
2018-09-13,28.309998999999998,29.02,27.559998999999998,27.76,27.76,27833253
2018-09-14,27.91,28.030001,27.040001,27.110001,27.110001,16344200
2018-09-17,26.125,26.17,25.33,25.73,25.73,27794115
2018-09-18,25.9,26.09,25.27,25.75,25.75,17177800
2018-09-19,26.120001000000002,27.110001,26.120001000000002,26.92,26.92,14748337
2018-09-20,27.200001,27.264999,26.65,26.93,26.93,15135100
2018-09-21,27.309998999999998,27.35,26.25,26.49,26.49,14903500
2018-09-24,25.059998999999998,25.530001000000002,24.379998999999998,24.51,24.51,32814414
2018-09-25,24.799999,24.84,24.4,24.540001,24.540001,18607837
2018-09-26,24.719998999999998,25.860001,24.66,25.200001,25.200001,29994048
2018-09-27,25.4,25.889999,25.280001,25.43,25.43,15051100
2018-09-28,25.299999,26.23,25.299999,26.09,26.09,13775400
2018-10-01,26.030001,26.26,25.379999,25.49,25.49,10635104
2018-10-02,25.1,25.4,24.540001,24.9,24.9,13904708
2018-10-03,25.15,25.440001,24.799999,25.139999,25.139999,9854152
2018-10-04,24.780001000000002,24.85,24.062,24.32,24.32,15817000
2018-10-05,24.200001,24.25,23.370001,23.620001,23.620001,18042600
2018-10-08,23.02,24.24,22.65,23.889999,23.889999,18169200
2018-10-09,23.450001,24.200001,23.34,23.780001,23.780001,13740200
2018-10-10,23.450001,23.549999,22.700001,22.709999,22.709999,21390100
2018-10-11,22.52,23.66,22.5,23.48,23.48,24274842
2018-10-12,24.540001,24.9,23.74,24.450001,24.450001,20252200
2018-10-15,24.110001,24.639999,23.799999,24.139999,24.139999,10316040
2018-10-16,24.5,24.700001,24.08,24.629998999999998,24.629998999999998,11682600
2018-10-17,24.52,24.610001,23.459999,23.68,23.68,15378700
2018-10-18,23.5,24.131999999999998,23.219999,23.33,23.33,15582300
2018-10-19,23.940001,23.950001,22.950001,23.01,23.01,12970000
2018-10-22,23.860001,24.110001,23.299999,23.540001,23.540001,13939900
2018-10-23,22.610001,23.59,22.33,23.23,23.23,17949600
2018-10-24,23.18,23.200001,21.690001,21.76,21.76,22822200
2018-10-25,22.049999,22.59,21.91,22.559999,22.559999,13330200
2018-10-26,21.67,22.93,21.58,22.58,22.58,18085100
2018-10-29,22.700001,23.02,21.690001,21.98,21.98,15114500
2018-10-30,22.07,22.469999,21.700001,22.379999,22.379999,12069100
2018-10-31,22.870001,23.59,22.57,23.52,23.52,19094100
2018-11-01,23.719999,25.76,23.200001,25.450001,25.450001,25744000
2018-11-02,25.540001,25.6,23.84,24.049999,24.049999,26777600
2018-11-05,23.940001,24.459999,23.65,24.15,24.15,10519600
2018-11-06,24.1,24.469999,23.450001,23.6,23.6,10321400
2018-11-07,24.02,24.16,23.469999,24.07,24.07,10476700
2018-11-08,23.85,23.870001,22.379999,22.4,22.4,17331600
2018-11-09,22.0,22.48,21.58,21.700001,21.700001,17573400
2018-11-12,21.92,22.379999,21.459999,22.01,22.01,14257100
2018-11-13,22.24,22.790001,22.17,22.389999,22.389999,14807600
2018-11-14,22.75,23.08,22.5,22.76,22.76,11823900
2018-11-15,22.9,24.27,22.809999,24.200001,24.200001,24377700
2018-11-16,23.68,24.0,22.6,23.049999,23.049999,23225900
2018-11-19,22.450001,22.83,20.93,21.110001,21.110001,42137000
2018-11-20,20.48,20.5,19.27,19.49,19.49,41355000
2018-11-21,20.0,20.690001,19.92,20.34,20.34,29173400
2018-11-23,19.860001,19.879999,19.209999,19.27,19.27,18858200
2018-11-26,19.76,20.783001,19.75,20.459999,20.459999,22571800
2018-11-27,20.190001,21.028000000000002,20.110001,20.84,20.84,14539300
2018-11-28,21.32,21.41,20.610001,21.379999,21.379999,16977700
2018-11-29,21.049999,21.15,20.379999,20.969999,20.969999,13441400
2018-11-30,21.0,21.26,20.559999,21.23,21.23,10591200
2018-12-03,22.360001,22.49,21.77,22.01,22.01,19812700
2018-12-04,21.92,22.26,21.389999,21.450001,21.450001,18051400
2018-12-06,20.450001,21.49,20.110001,21.23,21.23,20377400
2018-12-07,21.07,21.754998999999998,20.92,20.93,20.93,13522900
2018-12-10,20.75,21.190001000000002,20.120001000000002,20.51,20.51,14536300
2018-12-11,20.950001,21.34,20.82,20.91,20.91,13446100
2018-12-12,21.299999,22.315001000000002,21.27,21.889999,21.889999,19668000
2018-12-13,22.0,23.35,22.0,22.709999,22.709999,25481000
2018-12-14,22.040001,22.940001000000002,22.01,22.17,22.17,14871300
2018-12-17,22.040001,22.26,21.17,21.35,21.35,16535300
2018-12-18,21.469998999999998,21.837,20.91,21.040001,21.040001,14271800
2018-12-19,20.950001,21.485001,20.0,20.17,20.17,15276000
2018-12-20,20.09,20.209999,19.639999,19.91,19.91,17860300
2018-12-21,20.09,21.99,19.52,21.08,21.08,49686400
2018-12-24,21.49,21.51,19.26,19.75,19.75,28037300
2018-12-26,20.32,21.129998999999998,19.75,21.1,21.1,25225300
2018-12-27,20.5,22.059998999999998,20.5,21.700001,21.700001,31047500
2018-12-28,21.780001000000002,22.0,21.15,21.709999,21.709999,16648300
2018-12-31,22.040001,22.48,20.77,20.93,20.93,19422400
